
Maze 1
======

[
    [0, 1, 1, 0],
    [0, 0, 0, 1],
    [1, 1, 0, 0],
    [1, 1, 1, 0]
]



Maze 2
======

[
    [0, 0, 0, 0, 0, 0],
    [1, 1, 1, 1, 1, 0],
    [0, 0, 0, 0, 0, 0],
    [0, 1, 1, 1, 1, 1],
    [0, 1, 1, 1, 1, 1],
    [0, 0, 0, 0, 0, 0]
]



Maze 3
======

[
    [0, 0, 0, 0, 0, 0, 0],
    [0, 1, 1, 1, 1, 1, 0],
    [0, 0, 0, 0, 0, 0, 0],
    [1, 1, 1, 1, 1, 1, 0],
    [0, 0, 0, 0, 0, 0, 0],
    [0, 1, 1, 1, 1, 1, 1],
    [0, 0, 0, 0, 0, 0, 0]
]



Maze 4
======

[
    [0, 0, 0, 1, 0],
    [0, 1, 0, 1, 0],
    [0, 1, 0, 1, 0],
    [1, 1, 0, 1, 0],
    [0, 0, 0, 0, 0],
    [0, 1, 1, 1, 1],
    [0, 1, 0, 0, 0],
    [0, 1, 0, 1, 0],
    [0, 0, 0, 1, 0]
]



Maze 5
======

[
    [0, 1, 0, 0, 0],
    [0, 1, 0, 1, 0],
    [0, 1, 0, 1, 0],
    [0, 1, 0, 1, 0],
    [0, 1, 0, 1, 0],
    [0, 1, 0, 1, 0],
    [0, 1, 0, 1, 0],
    [0, 1, 0, 1, 0],
    [0, 1, 0, 1, 0],
    [0, 1, 0, 1, 0],
    [0, 1, 0, 1, 0],
    [0, 1, 0, 1, 0],
    [0, 0, 0, 1, 0]
]



Maze 6
======

[
    [0, 1, 0, 0, 0, 1, 0, 0, 0],
    [0, 1, 0, 1, 0, 1, 0, 1, 0],
    [0, 1, 0, 1, 0, 1, 0, 1, 0],
    [0, 1, 0, 1, 0, 1, 0, 1, 0],
    [0, 0, 0, 1, 0, 0, 0, 1, 0]
]


